28418284837082762
65691115206764176
28418284837082762
39917742169988158
26285491450084783
66018812254995795
28418284837082762
1174579982328399
57947042066145691
9352387326551114
1174579982328399
1174579982328399
28418284837082762
37778873494222496
21078055707019208
55478138641504450
1174579982328399
58202685536090805
1174579982328399
6200977355351969
64148019455052093
1442812726898056
17169880198424332
28418284837082762
57947042066145691
1442812726898056
1174579982328399
2830447042631515
67071914344877246
53217005826262899
49565636797047535
28418284837082762
23803298789475973
23803298789475973
68920801057819033
61874150086034707
67071914344877246
67071914344877246
34767115863537014
66302228154237885
46194725348281674
49565636797047535
22154674652657518
28418284837082762
40095998210914128
65342109710510942
65342109710510942
1174579982328399
49319461159656555
26565007823073532
42116835083777406
52756860509815556
28418284837082762
58202685536090805
39917742169988158
9352387326551114
1174579982328399
47310397157117757
28418284837082762
9720743211822678
1442812726898056
33248849140409414
54445337084085506
72057130754532876
9040956504658978
66302228154237885
28418284837082762
42794441549565506
28224255618040572
25875548300498826
32611526566499718
38248746497704450
1174579982328399
63238737329632352
55478138641504450
58202685536090805
62925831888758138
64148019455052093
65691115206764176
35831252492400811
46194725348281674
26285491450084783
28418284837082762
50484988973066424
16676141432842939
16116143033028868
70001481700523088
51828763046694313
68920801057819033
32492034341322452
31309982667964888
72057130754532876
16676141432842939
64148019455052093
51828763046694313
13154530819984217
51828763046694313
64148019455052093
28418284837082762
43890702914896747
64148019455052093
16676141432842939
28418284837082762
18537931679937420
18770782919749584
47310397157117757
1174579982328399
40095998210914128
20808631698760563
23753215066100539
65691115206764176
62925831888758138
31452923396369905
55114795353587461
49416074153624380
64148019455052093
62107674106040540
39490591541374232
65546682941024679
41519553112409692
62299479717846794
66302228154237885
34767115863537014
49300252174200854
28418284837082762
60393890879770457
9352387326551114
8737616211976029
9352387326551114
21078055707019208
1174579982328399
9352387326551114
16676141432842939
1442812726898056
10897268874037163
42794441549565506
20772008071337159
16676141432842939
42050671627680522
54891876010468254
35831252492400811
34767115863537014
40176476266771772
28418677557982946
1442812726898056
1174579982328399
9352387326551114
29600390452532681
55800408933172523
62368356260207326
32361433833182697
15195715805723015
6767613973462148
21744323068560759
9490139685265630
16676141432842939
49869363301836541
42487802547306003
42877529530804089
64039264568862118
43935613005298007
21078055707019208
59793989573529828
66561603563769192
46194725348281674
20956413707921192
24805895789663950
39917742169988158
56079350809880955
22205019589053157
44131097267843450
56367937185690349
28908616915569226
16645012484725551
65691115206764176
1050552432471691
22006966123615668
46812861896502403
46812861896502403
20808631698760563
46541210483940348
60810097639059470
28908616915569226
56079350809880955
65342109710510942
11015862491120924
16645012484725551
50484988973066424
1174579982328399
411387033569730
47224248963626565
24597181875773588
17169880198424332
63771994559098831
36278187250432582
65152317161011114
50484988973066424
39444117614129613
16797986074834767
67260001022716765
67671388089840927
42838043015539557
65691115206764176
1174579982328399
1174579982328399
9352387326551114
1442812726898056
33907724812728465
62335979935737154
29722503495161616
46520489553219167
9352387326551114
38248746497704450
29722503495161616
52756860509815556
9040956504658978
58680203920829049
32578851429367154
17800570415464312
51708295211415561
41986681109224779
71709184587609179
1442812726898056
58202685536090805
45413805525058563
33352019498297737
68646549782642696
55269159665543810
15790417073760244
33590987489224556
16797986074834767
56221060071506443
18560981632786370
23912009547819071
11015862491120924
13764994183153231
47117013664673753
43705969392611297
26917535037004387
1174579982328399
42970862293168803
40612916521571658
23803298789475973
43890702914896747
34767115863537014
52756860509815556
43935613005298007
64148019455052093
28908616915569226
1174579982328399
26375092894292003
34285409005430064
8814503851611912
26917535037004387
13263369287806623
14626032777349977
9127480857009660
999169128032679
11015862491120924
65948593494034189
11015862491120924
1442812726898056
21125656115921927
40796451284554349
1442812726898056
54286943190539261
28224255618040572
14479748277602116
23607229134611776
24606398279421672
32492034341322452
49137639553687259
54221804902816977
28418284837082762
23607229134611776
50484988973066424
9812119314661510
64099062488423555
66669100219127672
33352019498297737
42123800747915497
66730199027337169
52558643347131992
45654598840721604
64148019455052093
16116143033028868
28894039667755773
39490591541374232
67071914344877246
47224248963626565
37778873494222496
49256697583244187
61422697620986361
48131601943645274
1442812726898056
66730199027337169
64117763890982540
59183120171659715
1174579982328399
3164431179326764
40796451284554349
51035688103770764
33684826510976407
58680203920829049
65691115206764176
64099062488423555
23607229134611776
69288072895251857
11015862491120924
56025139271294264
53067671294713844
42970862293168803
68197844716724974
48131601943645274
6848551758809933
12487626443913081
53217005826262899
29600390452532681
60393890879770457
31301681596915228
43270019946311824
21744323068560759
47549192899596174
41969918859637875
38110169555212130
16116143033028868
1442812726898056
68197844716724974
23803298789475973
15790417073760244
391625124547274
33286938318360595
56632391443660415
11015862491120924
58680203920829049
12763776403566178
27958067804768717
16645012484725551
29299702550370047
66404748413362872
1442812726898056
7024936260584291
53846991630968721
67071914344877246
45771266232607998
67071914344877246
48131601943645274
54471613785541568
10372087552382350
60836874750985307
48041309280083016
39444117614129613
1174579982328399
14391619436753849
60836874750985307
36527050340224918
10240722534904980
46442549083086381
48566534825286639
1442812726898056
2050221442201357
42794441549565506
62925831888758138
63411310214489627
25925302566638097
11015862491120924
9352387326551114
2050221442201357
58063215159585576
26430461222196774
43208936350133810
31143228248345571
28418284837082762
21071928055348562
41557129676390021
54003070973003461
13870063341560242
21125231244617143
38248746497704450
14479748277602116
49541548343723663
69154854417429347
47117013664673753
71709184587609179
48127866634321613
64298706305031068
13942615605493657
48541465770957595
34767115863537014
64148019455052093
54891876010468254
28418284837082762
13808419081603197
17031517061623900
25171451618794120
24753227369883982
58320160235726168
37560798146237614
22205019589053157
61521657250996653
27835751408944008
49300252174200854
34767115863537014
62624510659786424
22567502010480495
38359276044199968
69085467055248557
3824336591208457
6848551758809933
31143228248345571
56088952074422351
33253780096211438
43366197956558438
62368356260207326
55478138641504450
69359116821348904
25813574364589870
49416074153624380
63093943317209380
66918279941972269
37778873494222496
340581150769316
40612916521571658
53947961746590452
25256565698775386
28418284837082762
69010231101545861
31191802579208005
26209327358344340
19068156858952383
13404768928694966
501101558330967
68646549782642696
31143228248345571
10681115323114115
23753215066100539
64099062488423555
59708475565390671
32619115061241791
40796451284554349
65537240051964142
12547802872988590
1174579982328399
16676141432842939
1442812726898056
27295356102669240
1296869346095091
9352387326551114
64517034855442040
52167916382904775
23912009547819071
24068373223784142
17548019221043133
30095822110808939
56048393929269712
66404748413362872
38230314589274736
16187252551924408
60824753147323754
68920801057819033
53947961746590452
67823697829209122
1442812726898056
20032345913882945
28908616915569226
47310397157117757
66302228154237885
21071928055348562
62925831888758138
62335979935737154
45875924613368873
38457978996472789
68518504782463311
49541548343723663
39490591541374232
62335979935737154
10004833700986251
43026562911275362
34086520211222692
9137277385734584
62368356260207326
1442812726898056
13947759799270005
42877529530804089
1442812726898056
67708868224719861
52374785563866840
16797986074834767
56528393865728701
27497362739076127
1442812726898056
40796451284554349
8737616211976029
48131601943645274
3377893030952
2280855876585874
38248746497704450
51391471621412650
31326314070041323
5792280247187485
13808419081603197
1174579982328399
22205019589053157
7286731726435262
5950298024540731
71303966172176912
10410013869008163
29655387754790800
64161544571897151
62624510659786424
25188629752007296
43935613005298007
49898996959074424
67659439789916019
1442812726898056
1174579982328399
1174579982328399
32492034341322452
7657694128437242
65359584971418311
25607016772589029
28166451777819975
53355081513050056
62368356260207326
4861167782018800
40612916521571658
52479233989753973
21355830099582497
60836874750985307
26006590495131815
17961222427753983
53099299326971585
38697104721564186
64148019455052093
62368356260207326
29600390452532681
62624510659786424
71299750085079918
43890702914896747
21744323068560759
53966956436627288
2185076568083930
40956052226912510
55820083058493524
38881119596796189
64148019455052093
58202685536090805
62913237837078154
28418677557982946
50944377339933945
56088952074422351
35873641602437152
67956180185713354
53987715259747866
57980472761536362
66018812254995795
12597829772737948
45771266232607998
10897268874037163
28418284837082762
14479748277602116
31906282065424529
38350372477850930
49565636797047535
23133852498048293
21078055707019208
71561144618773932
59793989573529828
8932941654388000
3621850664447688
15195715805723015
44942417904728936
34981084011290887
3906533419858847
3440156167338773
29722503495161616
23729180258899035
3724307687641748
41699907877920823
50632849532308824
54254700196756513
10320386044082610
53800738932515990
69398099926592434
52297303071132843
38110169555212130
57195963834589754
57141285198671818
57141285198671818
58202685536090805
1131249461065773
39444117614129613
23753215066100539
36413497688308401
18156642566119239
15497148454783738
67794451525916582
35196529836956959
12894829940658316
36527050340224918
11015862491120924
20402268596428442
11015862491120924
68931092102158685
50277538426781061
11890596668767933
25607016772589029
58748093196800080
34981084011290887
47276873617243695
60171703557902011
33193076787880186
54970667016322987
3824336591208457
54471613785541568
19400740871705462
2090436193432221
2936774030946573
19280260340021878
15790417073760244
56025139271294264
27508862342357086
60851344364086839
49275344957674276
58101614181244588
59168563415158187
6511710248935714
8602146425590719
11538920490091725
24597181875773588
12977306448164003
54734240011762391
40095998210914128
62624510659786424
9352387326551114
18488783735141797
67260001022716765
35279206755987009
17169880198424332
66255624287771539
31326314070041323
61106508739118799
39444117614129613
10815761574953471
7517836170294911
26430461222196774
65436120070742915
34767115863537014
59595637824128690
65691115206764176
16893273850140402
11015862491120924
16645012484725551
32818026923036524
53511597602272928
64327359194003616
66918279941972269
25617044988731652
18995571038323847
30862880789503408
38172801844631451
39444117614129613
38350372477850930
40956052226912510
43380858800243090
44382814162622820
33295292867130856
1050552432471691
20808631698760563
71742017068551780
34767115863537014
8602146425590719
3511980307514107
19561321111986417
69288072895251857
1174579982328399
39725503662717098
1442812726898056
69365300068682209
6859485839315910
52984457885581606
52668880899428235
71348874951598712
20808631698760563
59350879921796207
20982322146702170
188976629054311
39914480274994194
28861672015588551
20542149402778662
7225677592640208
37560798146237614
45904575498353867
45195856445579075
21972418179773017
14407062562344361
40095998210914128
59793989573529828
20613830165255894
1296869346095091
43203764744133732
9334512753416030
25256565698775386
54920237187676112
18586432892325320
39667265021468460
52668880899428235
3824336591208457
55674850163921715
25351250053389132
63093943317209380
46194725348281674
50944377339933945
60331790077019522
28908616915569226
66302228154237885
27673094718273585
18156642566119239
36413497688308401
10897268874037163
67725387496682529
51342643622676308
61521657250996653
24059619546419982
1174579982328399
14407062562344361
29189714439602181
11626695683343730
49137639553687259
33590987489224556
19400740871705462
56423293741414374
37778873494222496
64044739819473228
59815745867116841
33295292867130856
71923700849986783
40781625212569441
69971339652171623
16116143033028868
23607229134611776
12554009702296471
52756860509815556
3702432512038181
26917535037004387
39444117614129613
68546010264862798
28833687153824532
28699793965883379
69481419178452821
67395164775919293
4878012069133207
63402367531813666
67956180185713354
36589028204108415
16857428652811844
61170568904211286
1050552432471691
42909163499978153
71608957465861532
38697104721564186
11386198689896114
11015862491120924
39490591541374232
60593138907396713
71274645226611402
13600990019936337
17165909147206671
9352387326551114
7838802234391657
12492827246046737
17829247305127433
36079709497415420
71709184587609179
34086520211222692
59642443063005478
3737546644099043
56479272467228959
1442812726898056
17138601801144290
16645012484725551
47310397157117757
31191802579208005
28908616915569226
36079709497415420
44131097267843450
45953486897669982
64044739819473228
43890702914896747
53217005826262899
32415969079475508
37161002253477069
59071944541130871
34767115863537014
57893551880554533
34086520211222692
7874788121568557
55800408933172523
31869476607017988
42866176952194567
41447726322448687
43766822336801851
30507596797233255
71269204179684659
8590991628711287
66302228154237885
48576099889696936
66302228154237885
63621685769740115
23433568372384600
43935613005298007
69720647348650186
1174579982328399
20821514577922418
29600390452532681
37118312863741030
45709304475675101
40136253930235770
9348564879473455
2185076568083930
64148019455052093
43766822336801851
38697104721564186
9352387326551114
57837966048306451
65237071922725854
15790417073760244
28533937401853909
45771266232607998
39355826805453822
1442812726898056
19283428680051710
68546010264862798
9993203064027058
63238737329632352
11015862491120924
38184616802684372
43208936350133810
18687786671655849
27958067804768717
41812233492018970
62335979935737154
63526755792071319
23803298789475973
1115768122052065
58738640108905947
152261155682040
24805895789663950
54471613785541568
11861874715598064
30549661387253914
40643483905631483
53125884033741052
32906516929376508
21078055707019208
64148019455052093
48272700719759813
23523763892039745
40796451284554349
62913237837078154
22154674652657518
2384433250004409
32934094620481107
1519984471407439
54645868505148491
42123800747915497
52805120843008700
69845986298705995
35066710469752847
7314382594853580
39914480274994194
5712765576893686
8097198810120879
41031293413824771
42551277868454994
25139552335675549
40634343715495398
12487626443913081
39297021248720503
2306137663768199
34767115863537014
56234237498448627
61947003058565097
70044201868685977
39017901227805596
9511585058332654
25256565698775386
19912649612475122
53987715259747866
64070287725882338
10175007653460278
51219038109421563
35395681569942255
25285090590579416
23271698404560241
63411310214489627
72057130754532876
24247545882416844
1174579982328399
37622615034468348
20808631698760563
54970667016322987
19280260340021878
7281679036360000
28418284837082762
6778985168154218
64517034855442040
40304310967742943
29722503495161616
27307381304807444
54286688377206040
8602146425590719
31250474580274894
70323457279132738
42838043015539557
32635235416115733
8157448532156756
38807906612704967
49558793369401950
64148019455052093
50424734238153341
32820557155413479
17010742741562148
67794451525916582
28541353664296694
53894910077606858
14472551455794655
22629999987951411
61437906634210811
38939105965684825
46194725348281674
67468592246809978
28231555364295521
1442812726898056
22914343693124756
51455697357421451
18770782919749584
21071928055348562
43747782114783879
65210032097728612
44131097267843450
69720647348650186
14407062562344361
3737546644099043
14843039736920669
45683653825283792
52162615692821106
27599023472456549
30228322456350843
70053960360806220
28418284837082762
67071914344877246
20489849733245057
47147239064576830
66561603563769192
63093943317209380
36413497688308401
38193654929697910
58202685536090805
65410282862949412
5368682713616120
11626695683343730
25199471713801707
57971038014290952
11015862491120924
48576099889696936
45885038473920493
34739501531064357
16307657666481159
12547802872988590
63093943317209380
65115703039937503
70484385770330839
33710216452017268
70598571204154174
30186700027463576
6848551758809933
65591676339356085
24751576459883718
51219038109421563
65436120070742915
57663295192578154
28418284837082762
28507199307865376
24805895789663950
52787075447361442
51328052596810464
9457158586346105
21249872104157652
6870030041184540
27229689542830217
63897006660625407
16676141432842939
28451335580553376
56958534888418753
3164431179326764
68325437278394777
47595895837277306
62335979935737154
23803298789475973
12221697064579096
64044739819473228
41986681109224779
37821473433455755
19767948430939758
38697104721564186
56177146785021142
28418677557982946
64117763890982540
34791568085976703
35217452037742262
26059178244395050
38280875342528578
37459884964976797
29029427903557177
40876042191881683
28534092086508512
12653644850378934
26059178244395050
29941811736399054
44047318172198797
5630201433392547
35873641602437152
33590987489224556
18801153016204228
34966420366259381
11258558408506388
69237869029703244
39917742169988158
8316448932355795
42881583645170720
8590991628711287
29487178044575852
53846991630968721
71742017068551780
43935613005298007
57195963834589754
61764839802383056
34527826884164881
28908616915569226
26021341706299504
55258265941793952
24749155634974804
41519553112409692
3857501629652310
65378545263534874
62544355196388145
70053960360806220
27558902609977425
48947777531891119
58385839819520677
12349587471115030
11015862491120924
58845909871144498
1174579982328399
36636544057011035
62922682232109808
38457978996472789
22914343693124756
46882536469138663
16936941350778260
68518504782463311
9352387326551114
3824336591208457
19561321111986417
23729180258899035
4861167782018800
1415537547343875
38052081604354911
8602146425590719
55478138641504450
34285409005430064
62935997696608842
38359276044199968
9352387326551114
42050671627680522
30735522291222099
63572238988099178
19901621038806584
68588012154174993
67993586867157480
26006590495131815
41557129676390021
27742231002369038
40095998210914128
2583098896819911
15937021412988379
1442812726898056
66779307141156750
2485076405299756
69720647348650186
43640743710693290
39576736539922835
17602028366688179
30070553382100955
63520280512906140
66103379443280483
9982806818340927
47224248963626565
37990527434859215
40475603840158971
66302228154237885
15963369630953706
55540106154099325
62624510659786424
29600390452532681
27891127053889380
34647169798527680
46194725348281674
42838043015539557
58257685918195752
24190619331904248
65342109710510942
11015862491120924
12121922799660762
19513380952546616
35753380230271240
18814358057537189
2231151726257530
69925940843543781
25188629752007296
47263566198965823
48541465770957595
16347443928143838
35831252492400811
49614703885318250
33248849140409414
31716627482417142
14438840920907129
28316148224357640
52984457885581606
23168387185681301
9982806818340927
68197844716724974
53040983071040441
16116143033028868
2129810104893740
51744513973434774
32429976446313505
23548739429388860
16307657666481159
13712748753069911
40796451284554349
71592634413954288
35560645953888851
39355826805453822
65342109710510942
12295041226257802
18549314856011415
45848951953923059
47310397157117757
22654665048780568
15453592920591713
7874788121568557
58755922156215160
39077014037116055
1000239197522639
15964447462524097
28259488688781899
46808803528016098
17165909147206671
12507694876138482
2485076405299756
23389273196679803
3621210681746523
62377132837961683
45771266232607998
38772326206228501
41592303814611287
57971038014290952
42466357707086632
11015862491120924
1174579982328399
29849190734297590
17165909147206671
47883097047765425
51504307729511948
13942615605493657
961291730161244
68646549782642696
72030967663494220
47780760287820185
18189523956978881
54180955241724997
2129810104893740
32934094620481107
10566604079529025
54136513529551278
59790043501663379
38350372477850930
50632849532308824
41557310005038983
50825637701334864
17307871965706153
25139552335675549
24369828297638052
46174522959320106
20415447434159846
42539468990319443
44110204271617484
15447192010978853
58004579100258505
1442812726898056
67071914344877246
17244027117910140
67071914344877246
66425343694081114
44131097267843450
38418604211698176
42091145304900030
34086520211222692
20808631698760563
7353355425068661
51809674534910797
65765709595086765
58489788301892446
11015862491120924
56709520503262048
38280875342528578
22205019589053157
28908616915569226
60767011093926682
30228322456350843
1174579982328399
12547802872988590
22827956881318020
45149317955318052
53477054489663157
65410282862949412
18246416638354832
12472345196273298
52010940901885465
39490591541374232
35266732455546241
793129274172543
59304304148194606
10074666974807475
55223984930125527
43890702914896747
45722544797914451
10681115323114115
67071914344877246
37701698290946806
43887995585583779
26917535037004387
23133852498048293
46174522959320106
4577361673845593
23583189522694797
12173385197593997
21078055707019208
2754670292779059
7041546746608341
8602146425590719
68325806242632700
40156207790288544
40923014366496409
16326835537337150
20904197194405527
28418284837082762
48623369225104818
58109990777781984
10681115323114115
71065735806080882
29632249719838840
25900461924543605
59790043501663379
61328213838454735
25962690524051045
9352387326551114
40304310967742943
28418284837082762
42091145304900030
56694603300450456
56079350809880955
52558643347131992
38280875342528578
69925940843543781
15453592920591713
2906997645602594
46808803528016098
31013682932065176
10205014441320582
67823697829209122
65436120070742915
5917544515042358
62612147832270031
10163811681826627
28781211354241320
4973266658235270
7065783920327257
3157376792214594
23523763892039745
49319461159656555
39444117614129613
54676617344136301
65342109710510942
29521030137135891
60037064059040893
20776088229433452
1174579982328399
38248746497704450
49688484938057226
53067671294713844
51668706590789082
28418284837082762
31556045364093928
14175068670302293
51677550542253433
29134396235173554
68506129305246230
34018342330624468
37778873494222496
21125656115921927
11015862491120924
2308593357180889
40095998210914128
13222540879390570
26285491450084783
56118656375116651
35738612862664933
64873009131392919
61321544398711213
53987715259747866
43958416501208643
16307657666481159
39444117614129613
7673846504102470
18189523956978881
40781625212569441
65691115206764176
48740263037807477
8701432692890854
65435783863094212
62807598476897423
38172801844631451
60031092408462539
68199735769877627
2451850773781543
31969131024949113
67071914344877246
58202685536090805
64283728970654124
32492034341322452
37778873494222496
18488783735141797
54666550720136304
10703342756854300
39355826805453822
7281679036360000
53908554392639460
39491027986697686
36079709497415420
29056324203423999
38663500024330385
68197844716724974
28591299539756373
66018812254995795
60559615486596369
47310397157117757
11599944659690658
66051489469938975
33295292867130856
2691106095259547
1862909152215347
20093923672947653
1174579982328399
2090436193432221
1352832995848031
15901154546114325
32492034341322452
4981903566582562
2864108882716985
67622891029009076
57594912770493370
4749305115341765
53017615667987664
67891832223813228
30735522291222099
35421402812898254
51322557359012579
62368356260207326
35874463754688384
38738572620628153
34303869645263725
19841188361051943
24597181875773588
7874788121568557
21078055707019208
58748093196800080
40654826779451979
42539468990319443
3721833678495068
34614393866600889
1442812726898056
21491002205827775
66689097800783140
56367937185690349
19513380952546616
43847793682325366
35738612862664933
2050221442201357
48704811674397421
27310624576178143
31032458254673211
65646852138051317
64078115738189872
29190357921028643
50484988973066424
69365300068682209
53846991630968721
17602028366688179
67071914344877246
24749155634974804
20772008071337159
18560981632786370
35873641602437152
64645474036820087
8701432692890854
40364967089888492
59436915998786465
64599098687141915
1174579982328399
8555723749181333
63771994559098831
38251826298849958
53671485418200734
34202233712556890
55920300757491445
30051691424137835
70416658514026328
65342109710510942
51047117985056920
11739071762398239
20294795494802356
48504488826666704
24749155634974804
57722796769033311
57980472761536362
14802380745553156
71923700849986783
22154674652657518
7225677592640208
42970862293168803
46265239305422109
2350880228793034
20861935655391421
50484988973066424
39491027986697686
67683232239255879
48131601943645274
71742017068551780
20420561228583228
35066710469752847
56215945235394081
19513380952546616
11719939425630559
7879115995443170
12682597788523268
45443477911232552
1886987643287520
58680203920829049
6343783338743088
16706939973189215
9352387326551114
69720647348650186
67071914344877246
33882308306318423
36413497688308401
60171703557902011
8932941654388000
7023995123098709
71481822648260335
49416074153624380
11185687640752500
18156642566119239
51551663836940603
6848551758809933
59118068194259781
15453592920591713
60688751451271732
53987715259747866
53067671294713844
55957870449522965
44935196119913791
1174579982328399
61422697620986361
1174579982328399
12052845537605076
23480610106661835
61395366025534448
65524028323114589
54155185736458386
31071030619987467
69344024745815138
68546010264862798
12848868837761992
28418284837082762
71283574406890826
11278825889790750
34759435979675370
24097207967281882
17563642269245752
71718828005704138
30732264604540886
28018695295650873
71420013942487868
37179630487265590
67823697829209122
41519553112409692
51632756333008662
26006590495131815
57947042066145691
17517646124190086
7151534857449360
60197578431904629
54003070973003461
42350048324546541
41712468212329257
6834504695221344
56079350809880955
66302228154237885
35009149812407040
49343748120717568
15717960341604827
2129810104893740
16645012484725551
16622921527362156
13870063341560242
39936304626312045
9591178817490582
52374785563866840
65342109710510942
19061030477790972
65436120070742915
54785353203540027
37133637101350098
32619115061241791
35279206755987009
64148019455052093
56079350809880955
58274298412004332
22654665048780568
54221804902816977
37459884964976797
17100800384582650
36161830862373622
18174417114643699
49530751504408560
49343748120717568
15698346298458168
64262207927756524
61513510874848277
51063203410748479
38350372477850930
37778873494222496
9352387326551114
28364195830670791
64742134994181829
71671010618028110
53846991630968721
43872757942215936
43092725614914192
13947759799270005
30683978185027130
9689587557847674
6619533993360657
19181298490253762
46194725348281674
71888607282578339
41683161539312618
61008467317232674
9137277385734584
3724307687641748
71303966172176912
4098874800282727
9982806818340927
716826729133693
7336360722494351
26517659195970897
2005559478967514
42235594722591529
10021452541942214
37778873494222496
14273390225842333
28418284837082762
34516665136065610
25543904340906061
26260731070039755
33597091809311322
60114750988505003
62120310467472518
32298311168913327
42319763710855542
1034058921730589
10453032934807472
58202685536090805
18537931679937420
1281763579256722
27542494632519261
61139586425053367
49196743392407650
45771266232607998
59756914412672088
57163674900313323
36020194375499001
33597091809311322
17244027117910140
10891467519136422
9352387326551114
46629424149507609
50944377339933945
63238737329632352
26538659966659027
18770782919749584
28418284837082762
69447182020080199
39209528645945430
10005934210318467
1174579982328399
15660378149351283
36527050340224918
17829247305127433
56692480420338863
10416657309496627
36955317276155654
58202685536090805
52448080455174737
28657073036543017
4861167782018800
26917535037004387
18854268062557045
34514646228685544
52022687826240180
44102559568928921
21009736960140888
7110839569902099
65342109710510942
842539847714041
47360857993045913
67071914344877246
33352019498297737
50421444662587606
40876042191881683
44659663163218121
36527050340224918
64039264568862118
70472756757909594
35395681569942255
55079971178889652
6953219695613169
1442812726898056
64148019455052093
54676617344136301
2864108882716985
12831292083028399
2583098896819911
44728601588678350
39914480274994194
22592918546176727
41168544827488625
66855010678702621
67018774223699650
22050321812617647
32664320570259215
10453032934807472
56234237498448627
16846686829417977
9982806818340927
53061885663785144
8688722037350766
26430461222196774
31030273755154801
47085692884553144
70094331709564656
23186693517442455
66730199027337169
573503936860497
27673094718273585
13764994183153231
45413805525058563
61295562959328237
69984284979901787
18560981632786370
35278621861863871
53947961746590452
68646549782642696
27020543754347604
6848551758809933
30588977210006941
20486619880957750
27230949414880969
50328071213057861
42747420412234562
27081915558587801
67071914344877246
4076716969627325
20169931445742757
47190475183313146
60836874750985307
68119140776792087
16548166636599118
43779116051480087
22049593209832796
17548019221043133
11257044127359808
23803298789475973
48740263037807477
47224248963626565
38359276044199968
46276949166041743
11749518728453385
7811065467317537
24359232103916655
2185076568083930
16676141432842939
20972097912203636
52113844883332606
15447192010978853
22954944655350958
32960588118556256
21009736960140888
25678159244979418
42866176952194567
39946469597269557
64305701701186213
25199471713801707
1174579982328399
54098815725531805
62925831888758138
62544355196388145
49479113046940004
38110169555212130
49480398072266979
69866283440211181
29944093532235265
69890563129504823
4098874800282727
52842567221108067
10618090135064054
62335979935737154
38110169555212130
66918279941972269
33253601465987531
35395681569942255
45149317955318052
17165909147206671
11335160626002154
65490236888586984
58924771688605697
3717622672992972
53694785475081920
30735522291222099
25478436757420877
3639044556854857
52774675135609410
39917742169988158
58301420294162307
69636580903387245
63069223754046294
32361433833182697
33248849140409414
5917544515042358
9993203064027058
56112710694783717
9533553414276659
1000239197522639
69720647348650186
25607016772589029
55620407655529560
38350372477850930
24914142982413401
54445337084085506
33253780096211438
20373091786554700
27408061482703705
52400947710000261
31156403629711710
10453032934807472
28271843350156133
6409604224409111
23047328272742543
1442812726898056
26067722622189726
46745671058347270
67118762828124755
22469230272900524
2812583944972850
33968987557907345
28418284837082762
55906816813902432
62316421021534327
13306155239571719
61576664166251068
71627803244746416
49937172032645537
62983596902079946
71541881549762927
43705969392611297
21078055707019208
44110505589281261
27959728382032973
66425343694081114
19498517693282538
25473521968788970
12487626443913081
6621454716714064
58946081303209448
65691115206764176
60961452348985236
48571000893275915
1174579982328399
4704687691610448
20861935655391421
26917535037004387
41350287685511440
66823809687854842
52282464533189251
31071030619987467
28292456881974581
52567247736034908
37924650863880827
9352387326551114
59983356101937375
17723954449153986
7874788121568557
65751867916701540
64519293701035819
38110169555212130
36848431578654797
21071928055348562
58257685918195752
18770782919749584
28418284837082762
69365300068682209
11017343681925389
24660776620698521
40149784763016049
3645329403034970
51328052596810464
9511585058332654
55478138641504450
71237560564404509
55710983850555494
36079709497415420
10113213305201559
24606398279421672
25607016772589029
48127866634321613
19375577776572813
27542494632519261
21498726601805522
40228441886363124
2559976850962116
1739943377438690
57450927211216968
34679896921750806
1050552432471691
20043846906604514
40996686472288407
60372264282415653
10247050651652023
64298706305031068
68007267448259904
27599023472456549
12600295826567774
44407279974119222
64039264568862118
65894181285409664
51516840741214734
21071928055348562
5728511890753618
54045977026069651
188976629054311
53099299326971585
8617635756048149
33597091809311322
32509264593625462
4858950529816749
39763250155278257
3220188649024025
58778568070525029
3906533419858847
58846208702160435
10372087552382350
33524724292602855
36619940217633156
64148019455052093
42161951832298094
71299750085079918
1050552432471691
17961222427753983
26565007823073532
50985867063741477
50357109987417841
55456864835402255
42545002621196736
4012132909426088
40632073110282028
25103388107376584
42083967681319387
63923497785078938
28316148224357640
61084015088871397
45848951953923059
36020194375499001
16425202670906558
31160585585121607
20928155269326561
37217612127590141
12547802872988590
18189523956978881
67956180185713354
49565636797047535
40631449195923269
67468592246809978
29975311846191641
55695719642022559
63328258223966
31223913826568358
13942615605493657
1133070327953289
64070287725882338
12767774011966017
30735522291222099
16919924039855189
12547802872988590
48127866634321613
47883097047765425
29343560581436840
53532123546473909
62900677998317128
65691115206764176
25607016772589029
51610690949393890
10815761574953471
20294795494802356
35594686731580165
61156882898947994
70460332019407538
1174579982328399
58713588197876839
28259488688781899
39444117614129613
8814503851611912
4756573306449465
51672609278413719
11557709189405474
50211683302557415
18404921402539029
28826466739978737
2350880228793034
48049060499196371
36589851929813381
48110858155845734
41778399016265501
69744543606967601
5206191054430504
24749155634974804
20851241157901065
39256162560440094
37179630487265590
69891892119381105
45883358563872324
22050321812617647
13009633553894529
59777487677270960
67071914344877246
24359232103916655
31140420213411241
13870063341560242
46194725348281674
12165415345819885
27959728382032973
69344024745815138
58691605396651967
59454362222199403
33361309680468830
2306359732138211
58453024459410339
2350880228793034
53498640357930905
44902292399453719
61668664896506029
7629242017059465
58479318915759408
58996248090165476
52805120843008700
56436011711591336
58742371426952331
45137801831657519
13600990019936337
12296494907472847
2129810104893740
67260001022716765
39355826805453822
54439100182564126
40860825060395598
70053960360806220
